#!Run[i,0]/   hmsP[f,1]/   hmsAng[f,2]/   shmsP[f,3]/   shmsAng[f,4]/   BCM4A_Current[f,1]/    BCM4A_Charge[f,2]/    h3of4_rate[f,3]/    p3of4_rate[f,4]/     coin_rate[f,5]/    htrk_eff[f,6]/   htrk_eff_err[f,7]/  ptrk_eff[f,8]/   ptrk_eff_err[f,9]/    cpuLT[f,10]/    tLT[f,11]/    x_bpm[f,12]/    y_bpm[f,13]/   hMisP_X[f,14]/    hMisP_Y[f,15]/    pMisP_X[f,16]/    pMisP_Y[f,17]/   ptrig6_accepted[i,18]/     ptrig6_scaler[i,19]/    edtm_accepted[i,20]/   edtm_scaler[i,21]/    pdid_e[i,22]/    pshould_e[i,23]/    hdid_h[i,24]/   hshould_h[i,25]/ 
3291		2.189232		-54.992		8.54321		12.168		49.734		147.248		0.146		138.268		0.002		0.9912		0.0039		0.9698		0.0059		99.8066		92.8049		0.0264		0.017445		0.107		0.324		-0.126		-0.06		15997		16028		8242		8881		834		860		563		568
3292		2.189232		-54.992		8.54321		12.168		48.997		152.086		0.144		138.074		0.003		0.9854		0.0046		0.9586		0.0066		99.8669		93.276		0.026251		0.016606		0.107		0.324		-0.126		-0.06		17254		17277		8684		9310		903		942		673		683
3293		2.189232		-54.992		8.54321		12.168		46.763		133.826		0.136		126.829		0.002		0.9922		0.0039		0.976		0.0055		99.7426		93.3722		0.027043		0.017493		0.107		0.324		-0.126		-0.06		14727		14765		8016		8585		772		791		510		514
3294		2.189232		-54.992		8.54321		12.168		48.961		146.985		0.144		133.259		0.002		0.9948		0.003		0.9619		0.0065		99.8311		93.1601		0.026484		0.016845		0.107		0.324		-0.126		-0.06		15962		15989		8390		9006		858		892		577		580
3295		2.189232		-54.992		8.54321		12.168		49.911		176.102		0.146		135.91		0.002		0.9819		0.005		0.9699		0.0053		99.8942		93.4902		0.02795		0.01769		0.107		0.324		-0.126		-0.06		18881		18901		9895		10584		1032		1064		707		720
3296		2.189232		-54.992		8.54321		12.168		54.612		145.738		0.16		156.665		0.003		0.9926		0.0033		0.9583		0.007		99.7802		92.1309		0.026755		0.016703		0.107		0.324		-0.126		-0.06		15891		15926		7376		8006		827		863		674		679
3297		2.189232		-54.992		8.54321		12.168		49.254		136.704		0.145		135.476		0.002		0.9982		0.0018		0.9724		0.0058		99.8985		92.7945		0.027232		0.016311		0.107		0.324		-0.126		-0.06		14759		14774		7727		8327		810		833		556		557
3298		2.189232		-54.992		8.54321		12.168		49.033		151.566		0.144		132.357		0.002		0.9799		0.0058		0.9704		0.0058		99.8437		92.6561		0.026292		0.016676		0.107		0.324		-0.126		-0.06		15971		15996		8592		9273		851		877		584		596
3299		2.189232		-54.992		8.54321		12.168		48.484		152.239		0.142		130.432		0.002		0.9968		0.0023		0.9664		0.0061		99.8523		93.5244		0.026431		0.016678		0.107		0.324		-0.126		-0.06		16220		16244		8810		9420		864		894		616		618
3300		2.189232		-54.992		8.54321		12.168		49.27		73.358		0.144		133.281		0.002		0.9963		0.0037		0.9663		0.009		99.9234		92.9931		0.026689		0.0171		0.107		0.324		-0.126		-0.06		7829		7835		4154		4467		402		416		272		273
3301		2.189232		-54.992		8.54321		12.168		47.073		111.975		0.137		125.365		0.002		0.9941		0.0034		0.9613		0.0076		99.9506		93.5827		0.026836		0.016733		0.107		0.324		-0.126		-0.06		12139		12145		6679		7137		646		672		502		505
3302		2.189232		-54.992		8.54321		12.168		52.389		138.147		0.155		148.203		0.003		0.6168		0.0257		0.9723		0.0057		99.914		92.8337		0.025349		0.016852		0.107		0.324		-0.126		-0.06		15110		15123		7345		7912		842		866		359		582
3304		2.189232		-54.992		8.54321		12.168		54.26		9.374		0.161		152.495		0.003		1.0		0.0		0.9787		0.0213		100.0		92.8709		0.031618		0.014315		0.107		0.324		-0.126		-0.06		975		975		482		519		46		47		49		49
3305		2.189232		-54.992		8.54321		12.168		50.595		151.681		0.148		140.615		0.003		0.9898		0.0039		0.9646		0.0063		99.8306		93.1725		0.026132		0.015647		0.107		0.324		-0.126		-0.06		16500		16528		8379		8993		871		903		680		687
3341		2.189232		-55.0		8.54321		12.168		50.045		146.158		0.145		136.408		0.002		0.9959		0.0029		0.9669		0.006		99.8664		93.0944		0.028054		0.017541		0.107		0.324		-0.126		-0.06		15701		15722		8156		8761		877		907		483		485
3342		2.189232		-55.0		8.54321		12.168		49.878		144.372		0.145		135.329		0.002		0.989		0.0045		0.9622		0.0067		99.8113		93.0669		0.026517		0.017626		0.107		0.324		-0.126		-0.06		15340		15369		8081		8683		815		847		539		545
3343		2.189232		-55.0		8.54321		12.168		48.129		128.704		0.14		128.462		0.002		0.9869		0.0054		0.9744		0.0056		99.8421		93.7555		0.026248		0.018731		0.107		0.324		-0.126		-0.06		13914		13936		7522		8023		800		821		451		457
3344		2.189232		-55.0		8.54321		12.168		49.923		160.351		0.145		133.812		0.002		0.9789		0.0064		0.9689		0.0057		99.7939		93.0677		0.021054		0.016954		0.107		0.324		-0.126		-0.06		16945		16980		8968		9636		934		964		510		521
3345		2.189232		-55.0		8.54321		12.168		58.016		158.697		0.168		166.689		0.003		0.9891		0.0041		0.9589		0.0066		99.771		91.8231		0.026391		0.016907		0.107		0.324		-0.126		-0.06		16989		17028		7535		8206		909		948		637		644
3346		2.189232		-55.0		8.54321		12.168		54.217		148.286		0.158		150.908		0.003		0.9863		0.0046		0.9675		0.006		99.8973		92.5299		0.026399		0.016733		0.107		0.324		-0.126		-0.06		15562		15578		7593		8206		862		891		648		657
3347		2.189232		-55.0		8.54321		12.168		54.081		162.581		0.158		150.318		0.003		0.9864		0.0045		0.9613		0.0064		99.8555		92.3606		0.026982		0.01695		0.107		0.324		-0.126		-0.06		17274		17299		8330		9019		920		957		651		660
3350		2.189232		-55.0		8.54321		12.168		53.293		115.823		0.155		147.887		0.003		0.9818		0.0064		0.9644		0.007		99.8628		92.9305		0.027091		0.01586		0.107		0.324		-0.126		-0.06		12373		12390		6060		6521		704		730		431		439
3351		2.189232		-55.0		8.54321		12.168		51.562		143.059		0.15		141.973		0.003		0.9908		0.0041		0.9599		0.0069		99.8364		92.9232		0.026351		0.016439		0.107		0.324		-0.126		-0.06		15255		15280		7734		8323		813		847		540		545
3352		2.189232		-55.0		8.54321		12.168		50.119		155.003		0.146		135.171		0.002		0.9912		0.0039		0.9721		0.0054		99.824		93.2744		0.026639		0.016976		0.107		0.324		-0.126		-0.06		16447		16476		8654		9278		941		968		563		568
3353		2.189232		-55.0		8.54321		12.168		48.332		128.349		0.141		128.351		0.002		0.9867		0.0054		0.9653		0.0067		99.8754		92.9836		0.026531		0.017102		0.107		0.324		-0.126		-0.06		13632		13649		7408		7967		750		777		444		450
3354		2.189232		-55.0		8.54321		12.168		47.845		107.185		0.139		126.818		0.002		0.9887		0.0056		0.9536		0.0086		99.842		93.6468		0.025935		0.017227		0.107		0.324		-0.126		-0.06		11376		11394		6294		6721		596		625		350		354
3355		2.189232		-55.0		8.54321		12.168		49.011		104.0		0.143		130.436		0.002		0.9947		0.0038		0.9659		0.0073		99.8643		93.4035		0.026208		0.017483		0.107		0.324		-0.126		-0.06		11035		11050		5947		6367		623		645		374		376
3356		2.189232		-55.0		8.54321		12.168		48.324		130.182		0.141		128.746		0.002		0.9858		0.005		0.9687		0.0062		99.8415		92.934		0.033631		0.021954		0.107		0.324		-0.126		-0.06		13860		13882		7510		8081		775		800		555		563

#-------------------------------------
#--------- Average Summary -----------
#-------------------------------------
# x_bpm_avg = 0.026839 cm
# y_bpm_avg = 0.017056 cm
# total_Charge = 3759.779000 mC
# cpuLT_avg = 0.998465
# tLT_avg = 0.930204
# htrk_eff_avg = 0.974655 +/- 0.001305 
# ptrk_eff_avg = 0.966000 +/- 0.001225 
