 E arm Experimental Target Distributions:
       delta     EXPERIM       yptar     EXPERIM       xptar     EXPERIM
 -0.2024E+02  0.0000E+00  -0.6466E-01  0.0000E+00  -0.6466E-01  0.0000E+00
 -0.1973E+02  0.0000E+00  -0.6202E-01  0.0000E+00  -0.6202E-01  0.0000E+00
 -0.1922E+02  0.0000E+00  -0.5938E-01  0.0000E+00  -0.5938E-01  0.0000E+00
 -0.1871E+02  0.0000E+00  -0.5674E-01  0.0000E+00  -0.5674E-01  0.0000E+00
 -0.1820E+02  0.0000E+00  -0.5410E-01  0.0000E+00  -0.5410E-01  0.0000E+00
 -0.1769E+02  0.0000E+00  -0.5146E-01  0.0000E+00  -0.5146E-01  0.0000E+00
 -0.1718E+02  0.0000E+00  -0.4882E-01  0.0000E+00  -0.4882E-01  0.1643E-06
 -0.1667E+02  0.0000E+00  -0.4618E-01  0.0000E+00  -0.4618E-01  0.1134E-07
 -0.1616E+02  0.0000E+00  -0.4354E-01  0.0000E+00  -0.4354E-01  0.3415E-07
 -0.1565E+02  0.1158E-06  -0.4091E-01  0.0000E+00  -0.4091E-01  0.2529E-06
 -0.1514E+02  0.0000E+00  -0.3827E-01  0.0000E+00  -0.3827E-01  0.3326E-07
 -0.1463E+02  0.0000E+00  -0.3563E-01  0.0000E+00  -0.3563E-01  0.2579E-06
 -0.1412E+02  0.2869E-07  -0.3299E-01  0.0000E+00  -0.3299E-01  0.4241E-06
 -0.1361E+02  0.2816E-04  -0.3035E-01  0.0000E+00  -0.3035E-01  0.5899E-06
 -0.1310E+02  0.0000E+00  -0.2771E-01  0.6023E-04  -0.2771E-01  0.0000E+00
 -0.1259E+02  0.0000E+00  -0.2507E-01  0.4244E-04  -0.2507E-01  0.8194E-05
 -0.1208E+02  0.0000E+00  -0.2243E-01  0.4966E-04  -0.2243E-01  0.1453E-04
 -0.1157E+02  0.4953E-06  -0.1979E-01  0.1075E-04  -0.1979E-01  0.2662E-04
 -0.1106E+02  0.5210E-06  -0.1715E-01  0.8320E-06  -0.1715E-01  0.1664E-05
 -0.1055E+02  0.1625E-06  -0.1451E-01  0.1723E-03  -0.1451E-01  0.4835E-06
 -0.1004E+02  0.2245E-06  -0.1188E-01  0.2806E-03  -0.1188E-01  0.1430E-03
 -0.9526E+01  0.5065E-07  -0.9237E-02  0.2657E-04  -0.9237E-02  0.2588E-03
 -0.9016E+01  0.0000E+00  -0.6598E-02  0.2627E-04  -0.6598E-02  0.3668E-04
 -0.8506E+01  0.0000E+00  -0.3959E-02  0.2731E-03  -0.3959E-02  0.1822E-05
 -0.7995E+01  0.1264E-07  -0.1320E-02  0.3774E-05  -0.1320E-02  0.2658E-03
 -0.7485E+01  0.1269E-06   0.1320E-02  0.4731E-05   0.1320E-02  0.1023E-03
 -0.6975E+01  0.2669E-07   0.3959E-02  0.2719E-05   0.3959E-02  0.2640E-04
 -0.6465E+01  0.3800E-05   0.6598E-02  0.7751E-05   0.6598E-02  0.1262E-04
 -0.5955E+01  0.2106E-06   0.9237E-02  0.9749E-06   0.9237E-02  0.6079E-06
 -0.5444E+01  0.6053E-04   0.1188E-01  0.2838E-05   0.1188E-01  0.5741E-05
 -0.4934E+01  0.4052E-06   0.1451E-01  0.5786E-06   0.1451E-01  0.8087E-06
 -0.4424E+01  0.1909E-05   0.1715E-01  0.2281E-06   0.1715E-01  0.5246E-04
 -0.3914E+01  0.5986E-05   0.1979E-01  0.8384E-06   0.1979E-01  0.9924E-07
 -0.3404E+01  0.1557E-04   0.2243E-01  0.0000E+00   0.2243E-01  0.2969E-05
 -0.2893E+01  0.5352E-06   0.2507E-01  0.1529E-05   0.2507E-01  0.1978E-05
 -0.2383E+01  0.2973E-04   0.2771E-01  0.0000E+00   0.2771E-01  0.1437E-05
 -0.1873E+01  0.1840E-04   0.3035E-01  0.0000E+00   0.3035E-01  0.1609E-06
 -0.1363E+01  0.1376E-05   0.3299E-01  0.0000E+00   0.3299E-01  0.1599E-06
 -0.8525E+00  0.6811E-04   0.3563E-01  0.0000E+00   0.3563E-01  0.0000E+00
 -0.3423E+00  0.1679E-04   0.3827E-01  0.0000E+00   0.3827E-01  0.4002E-06
  0.1679E+00  0.3112E-03   0.4091E-01  0.0000E+00   0.4091E-01  0.1276E-06
  0.6782E+00  0.2650E-03   0.4354E-01  0.0000E+00   0.4354E-01  0.2173E-06
  0.1188E+01  0.6561E-06   0.4618E-01  0.0000E+00   0.4618E-01  0.3049E-06
  0.1699E+01  0.1713E-06   0.4882E-01  0.0000E+00   0.4882E-01  0.5966E-06
  0.2209E+01  0.1383E-03   0.5146E-01  0.0000E+00   0.5146E-01  0.0000E+00
  0.2719E+01  0.0000E+00   0.5410E-01  0.0000E+00   0.5410E-01  0.0000E+00
  0.3229E+01  0.2161E-06   0.5674E-01  0.0000E+00   0.5674E-01  0.0000E+00
  0.3739E+01  0.0000E+00   0.5938E-01  0.0000E+00   0.5938E-01  0.0000E+00
  0.4250E+01  0.0000E+00   0.6202E-01  0.0000E+00   0.6202E-01  0.0000E+00
  0.4760E+01  0.0000E+00   0.6466E-01  0.0000E+00   0.6466E-01  0.0000E+00
 P arm Experimental Target Distributions:
       delta     EXPERIM       yptar     EXPERIM       xptar     EXPERIM
 -0.1439E+02  0.3415E-07  -0.5619E-01  0.0000E+00  -0.1052E+00  0.0000E+00
 -0.1220E+02  0.2359E-06  -0.5389E-01  0.0000E+00  -0.1009E+00  0.0000E+00
 -0.1001E+02  0.2756E-04  -0.5160E-01  0.0000E+00  -0.9660E-01  0.0000E+00
 -0.7818E+01  0.1695E-03  -0.4931E-01  0.0000E+00  -0.9231E-01  0.5575E-08
 -0.5626E+01  0.1043E-03  -0.4701E-01  0.0000E+00  -0.8801E-01  0.0000E+00
 -0.3433E+01  0.6580E-05  -0.4472E-01  0.0000E+00  -0.8372E-01  0.2200E-07
 -0.1241E+01  0.5717E-03  -0.4243E-01  0.0000E+00  -0.7943E-01  0.0000E+00
  0.9514E+00  0.4378E-04  -0.4013E-01  0.0000E+00  -0.7513E-01  0.0000E+00
  0.3144E+01  0.7105E-05  -0.3784E-01  0.0000E+00  -0.7084E-01  0.1975E-07
  0.5336E+01  0.2008E-04  -0.3555E-01  0.0000E+00  -0.6655E-01  0.5540E-05
  0.7528E+01  0.1573E-04  -0.3325E-01  0.2595E-04  -0.6225E-01  0.2825E-06
  0.9721E+01  0.1015E-05  -0.3096E-01  0.0000E+00  -0.5796E-01  0.1214E-05
  0.1191E+02  0.6233E-06  -0.2867E-01  0.9924E-07  -0.5367E-01  0.6597E-06
  0.1411E+02  0.5256E-06  -0.2637E-01  0.1148E-05  -0.4937E-01  0.1309E-06
  0.1630E+02  0.0000E+00  -0.2408E-01  0.2714E-03  -0.4508E-01  0.0000E+00
  0.1849E+02  0.0000E+00  -0.2179E-01  0.6097E-06  -0.4079E-01  0.2083E-05
  0.2068E+02  0.0000E+00  -0.1949E-01  0.9106E-05  -0.3649E-01  0.2793E-04
  0.2287E+02  0.0000E+00  -0.1720E-01  0.1925E-05  -0.3220E-01  0.1057E-06
  0.2507E+02  0.0000E+00  -0.1491E-01  0.4650E-05  -0.2791E-01  0.7973E-06
  0.2726E+02  0.0000E+00  -0.1261E-01  0.1400E-03  -0.2361E-01  0.2564E-06
  0.2945E+02  0.0000E+00  -0.1032E-01  0.7458E-06  -0.1932E-01  0.4973E-04
  0.3164E+02  0.0000E+00  -0.8027E-02  0.7363E-06  -0.1503E-01  0.0000E+00
  0.3384E+02  0.0000E+00  -0.5733E-02  0.1006E-04  -0.1073E-01  0.2211E-05
  0.3603E+02  0.0000E+00  -0.3440E-02  0.1354E-05  -0.6440E-02  0.2552E-06
  0.3822E+02  0.0000E+00  -0.1147E-02  0.8723E-04  -0.2147E-02  0.5513E-06
  0.4041E+02  0.0000E+00   0.1147E-02  0.3823E-05   0.2147E-02  0.1584E-04
  0.4261E+02  0.0000E+00   0.3440E-02  0.7015E-05   0.6440E-02  0.1435E-03
  0.4480E+02  0.0000E+00   0.5733E-02  0.1233E-04   0.1073E-01  0.3121E-04
  0.4699E+02  0.0000E+00   0.8027E-02  0.1467E-04   0.1503E-01  0.9358E-07
  0.4918E+02  0.0000E+00   0.1032E-01  0.6222E-06   0.1932E-01  0.3978E-05
  0.5137E+02  0.0000E+00   0.1261E-01  0.1134E-07   0.2361E-01  0.8648E-06
  0.5357E+02  0.0000E+00   0.1491E-01  0.2674E-04   0.2791E-01  0.4279E-06
  0.5576E+02  0.0000E+00   0.1720E-01  0.4946E-04   0.3220E-01  0.2666E-03
  0.5795E+02  0.0000E+00   0.1949E-01  0.9343E-07   0.3649E-01  0.2659E-03
  0.6014E+02  0.0000E+00   0.2179E-01  0.5682E-06   0.4079E-01  0.5143E-06
  0.6234E+02  0.0000E+00   0.2408E-01  0.2519E-03   0.4508E-01  0.4559E-06
  0.6453E+02  0.0000E+00   0.2637E-01  0.1064E-06   0.4937E-01  0.1409E-03
  0.6672E+02  0.0000E+00   0.2867E-01  0.0000E+00   0.5367E-01  0.6816E-06
  0.6891E+02  0.0000E+00   0.3096E-01  0.4347E-05   0.5796E-01  0.0000E+00
  0.7111E+02  0.0000E+00   0.3325E-01  0.0000E+00   0.6225E-01  0.1398E-05
  0.7330E+02  0.0000E+00   0.3555E-01  0.4212E-04   0.6655E-01  0.1885E-05
  0.7549E+02  0.0000E+00   0.3784E-01  0.0000E+00   0.7084E-01  0.1938E-06
  0.7768E+02  0.0000E+00   0.4013E-01  0.0000E+00   0.7513E-01  0.0000E+00
  0.7987E+02  0.0000E+00   0.4243E-01  0.0000E+00   0.7943E-01  0.0000E+00
  0.8207E+02  0.0000E+00   0.4472E-01  0.0000E+00   0.8372E-01  0.0000E+00
  0.8426E+02  0.0000E+00   0.4701E-01  0.0000E+00   0.8801E-01  0.3404E-06
  0.8645E+02  0.0000E+00   0.4931E-01  0.0000E+00   0.9231E-01  0.0000E+00
  0.8864E+02  0.0000E+00   0.5160E-01  0.0000E+00   0.9660E-01  0.0000E+00
  0.9084E+02  0.0000E+00   0.5389E-01  0.0000E+00   0.1009E+00  0.0000E+00
  0.9303E+02  0.0000E+00   0.5619E-01  0.0000E+00   0.1052E+00  0.0000E+00
 Distributions of Contributing E arm Events:
       delta     CONTRIB      yuptar     CONTRIB       xptar     CONTRIB
 -0.2024E+02  0.0000E+00  -0.6466E-01  0.0000E+00  -0.6466E-01  0.0000E+00
 -0.1973E+02  0.0000E+00  -0.6202E-01  0.0000E+00  -0.6202E-01  0.0000E+00
 -0.1922E+02  0.0000E+00  -0.5938E-01  0.0000E+00  -0.5938E-01  0.0000E+00
 -0.1871E+02  0.0000E+00  -0.5674E-01  0.0000E+00  -0.5674E-01  0.0000E+00
 -0.1820E+02  0.0000E+00  -0.5410E-01  0.0000E+00  -0.5410E-01  0.0000E+00
 -0.1769E+02  0.0000E+00  -0.5146E-01  0.0000E+00  -0.5146E-01  0.0000E+00
 -0.1718E+02  0.0000E+00  -0.4882E-01  0.0000E+00  -0.4882E-01  0.3000E+01
 -0.1667E+02  0.0000E+00  -0.4618E-01  0.0000E+00  -0.4618E-01  0.4000E+01
 -0.1616E+02  0.0000E+00  -0.4354E-01  0.0000E+00  -0.4354E-01  0.5000E+01
 -0.1565E+02  0.0000E+00  -0.4091E-01  0.0000E+00  -0.4091E-01  0.3000E+01
 -0.1514E+02  0.0000E+00  -0.3827E-01  0.0000E+00  -0.3827E-01  0.3000E+01
 -0.1463E+02  0.0000E+00  -0.3563E-01  0.0000E+00  -0.3563E-01  0.0000E+00
 -0.1412E+02  0.1000E+01  -0.3299E-01  0.0000E+00  -0.3299E-01  0.4000E+01
 -0.1361E+02  0.1000E+01  -0.3035E-01  0.0000E+00  -0.3035E-01  0.2000E+01
 -0.1310E+02  0.0000E+00  -0.2771E-01  0.0000E+00  -0.2771E-01  0.3000E+01
 -0.1259E+02  0.0000E+00  -0.2507E-01  0.3000E+01  -0.2507E-01  0.2000E+01
 -0.1208E+02  0.1000E+01  -0.2243E-01  0.4000E+01  -0.2243E-01  0.5000E+01
 -0.1157E+02  0.1000E+01  -0.1979E-01  0.7000E+01  -0.1979E-01  0.1000E+01
 -0.1106E+02  0.1000E+01  -0.1715E-01  0.1000E+01  -0.1715E-01  0.5000E+01
 -0.1055E+02  0.1000E+01  -0.1451E-01  0.1600E+02  -0.1451E-01  0.2000E+01
 -0.1004E+02  0.1000E+01  -0.1188E-01  0.8000E+01  -0.1188E-01  0.1000E+01
 -0.9526E+01  0.1000E+01  -0.9237E-02  0.7000E+01  -0.9237E-02  0.2000E+01
 -0.9016E+01  0.0000E+00  -0.6598E-02  0.4000E+01  -0.6598E-02  0.3000E+01
 -0.8506E+01  0.0000E+00  -0.3959E-02  0.1000E+02  -0.3959E-02  0.4000E+01
 -0.7995E+01  0.3000E+01  -0.1320E-02  0.6000E+01  -0.1320E-02  0.2000E+01
 -0.7485E+01  0.1000E+01   0.1320E-02  0.6000E+01   0.1320E-02  0.1000E+01
 -0.6975E+01  0.3000E+01   0.3959E-02  0.5000E+01   0.3959E-02  0.2000E+01
 -0.6465E+01  0.2000E+01   0.6598E-02  0.4000E+01   0.6598E-02  0.5000E+01
 -0.5955E+01  0.3000E+01   0.9237E-02  0.6000E+01   0.9237E-02  0.1000E+01
 -0.5444E+01  0.5000E+01   0.1188E-01  0.1000E+01   0.1188E-01  0.5000E+01
 -0.4934E+01  0.4000E+01   0.1451E-01  0.4000E+01   0.1451E-01  0.2000E+01
 -0.4424E+01  0.3000E+01   0.1715E-01  0.2000E+01   0.1715E-01  0.2000E+01
 -0.3914E+01  0.6000E+01   0.1979E-01  0.4000E+01   0.1979E-01  0.2000E+01
 -0.3404E+01  0.8000E+01   0.2243E-01  0.0000E+00   0.2243E-01  0.3000E+01
 -0.2893E+01  0.3000E+01   0.2507E-01  0.1000E+01   0.2507E-01  0.4000E+01
 -0.2383E+01  0.6000E+01   0.2771E-01  0.1000E+01   0.2771E-01  0.1000E+01
 -0.1873E+01  0.3000E+01   0.3035E-01  0.0000E+00   0.3035E-01  0.2000E+01
 -0.1363E+01  0.6000E+01   0.3299E-01  0.0000E+00   0.3299E-01  0.2000E+01
 -0.8525E+00  0.4000E+01   0.3563E-01  0.0000E+00   0.3563E-01  0.4000E+01
 -0.3423E+00  0.6000E+01   0.3827E-01  0.0000E+00   0.3827E-01  0.1000E+01
  0.1679E+00  0.5000E+01   0.4091E-01  0.0000E+00   0.4091E-01  0.3000E+01
  0.6782E+00  0.8000E+01   0.4354E-01  0.0000E+00   0.4354E-01  0.3000E+01
  0.1188E+01  0.4000E+01   0.4618E-01  0.0000E+00   0.4618E-01  0.1000E+01
  0.1699E+01  0.4000E+01   0.4882E-01  0.0000E+00   0.4882E-01  0.2000E+01
  0.2209E+01  0.4000E+01   0.5146E-01  0.0000E+00   0.5146E-01  0.0000E+00
  0.2719E+01  0.0000E+00   0.5410E-01  0.0000E+00   0.5410E-01  0.0000E+00
  0.3229E+01  0.1000E+01   0.5674E-01  0.0000E+00   0.5674E-01  0.0000E+00
  0.3739E+01  0.0000E+00   0.5938E-01  0.0000E+00   0.5938E-01  0.0000E+00
  0.4250E+01  0.0000E+00   0.6202E-01  0.0000E+00   0.6202E-01  0.0000E+00
  0.4760E+01  0.0000E+00   0.6466E-01  0.0000E+00   0.6466E-01  0.0000E+00
 Distributions of Contributing P arm Events:
       delta     CONTRIB       yptar     CONTRIB       xptar     CONTRIB
 -0.1439E+02  0.0000E+00  -0.5619E-01  0.0000E+00  -0.1052E+00  0.0000E+00
 -0.1220E+02  0.3000E+01  -0.5389E-01  0.0000E+00  -0.1009E+00  0.0000E+00
 -0.1001E+02  0.2000E+01  -0.5160E-01  0.0000E+00  -0.9660E-01  0.0000E+00
 -0.7818E+01  0.9000E+01  -0.4931E-01  0.0000E+00  -0.9231E-01  0.0000E+00
 -0.5626E+01  0.8000E+01  -0.4701E-01  0.0000E+00  -0.8801E-01  0.0000E+00
 -0.3433E+01  0.6000E+01  -0.4472E-01  0.0000E+00  -0.8372E-01  0.0000E+00
 -0.1241E+01  0.7000E+01  -0.4243E-01  0.0000E+00  -0.7943E-01  0.0000E+00
  0.9514E+00  0.9000E+01  -0.4013E-01  0.1000E+01  -0.7513E-01  0.1000E+01
  0.3144E+01  0.7000E+01  -0.3784E-01  0.1000E+01  -0.7084E-01  0.1000E+01
  0.5336E+01  0.8000E+01  -0.3555E-01  0.1000E+01  -0.6655E-01  0.2000E+01
  0.7528E+01  0.1400E+02  -0.3325E-01  0.0000E+00  -0.6225E-01  0.2000E+01
  0.9721E+01  0.8000E+01  -0.3096E-01  0.1000E+01  -0.5796E-01  0.2000E+01
  0.1191E+02  0.5000E+01  -0.2867E-01  0.2000E+01  -0.5367E-01  0.2000E+01
  0.1411E+02  0.8000E+01  -0.2637E-01  0.5000E+01  -0.4937E-01  0.4000E+01
  0.1630E+02  0.3000E+01  -0.2408E-01  0.3000E+01  -0.4508E-01  0.1000E+01
  0.1849E+02  0.2000E+01  -0.2179E-01  0.5000E+01  -0.4079E-01  0.4000E+01
  0.2068E+02  0.0000E+00  -0.1949E-01  0.4000E+01  -0.3649E-01  0.3000E+01
  0.2287E+02  0.1000E+01  -0.1720E-01  0.5000E+01  -0.3220E-01  0.5000E+01
  0.2507E+02  0.0000E+00  -0.1491E-01  0.2000E+01  -0.2791E-01  0.2000E+01
  0.2726E+02  0.0000E+00  -0.1261E-01  0.4000E+01  -0.2361E-01  0.4000E+01
  0.2945E+02  0.0000E+00  -0.1032E-01  0.4000E+01  -0.1932E-01  0.3000E+01
  0.3164E+02  0.0000E+00  -0.8027E-02  0.3000E+01  -0.1503E-01  0.3000E+01
  0.3384E+02  0.0000E+00  -0.5733E-02  0.5000E+01  -0.1073E-01  0.2000E+01
  0.3603E+02  0.0000E+00  -0.3440E-02  0.5000E+01  -0.6440E-02  0.7000E+01
  0.3822E+02  0.0000E+00  -0.1147E-02  0.6000E+01  -0.2147E-02  0.2000E+01
  0.4041E+02  0.0000E+00   0.1147E-02  0.4000E+01   0.2147E-02  0.5000E+01
  0.4261E+02  0.0000E+00   0.3440E-02  0.6000E+01   0.6440E-02  0.3000E+01
  0.4480E+02  0.0000E+00   0.5733E-02  0.6000E+01   0.1073E-01  0.2000E+01
  0.4699E+02  0.0000E+00   0.8027E-02  0.3000E+01   0.1503E-01  0.2000E+01
  0.4918E+02  0.0000E+00   0.1032E-01  0.3000E+01   0.1932E-01  0.4000E+01
  0.5137E+02  0.0000E+00   0.1261E-01  0.2000E+01   0.2361E-01  0.5000E+01
  0.5357E+02  0.0000E+00   0.1491E-01  0.1000E+01   0.2791E-01  0.6000E+01
  0.5576E+02  0.0000E+00   0.1720E-01  0.4000E+01   0.3220E-01  0.1000E+01
  0.5795E+02  0.0000E+00   0.1949E-01  0.3000E+01   0.3649E-01  0.5000E+01
  0.6014E+02  0.0000E+00   0.2179E-01  0.5000E+01   0.4079E-01  0.1000E+01
  0.6234E+02  0.0000E+00   0.2408E-01  0.2000E+01   0.4508E-01  0.1000E+01
  0.6453E+02  0.0000E+00   0.2637E-01  0.3000E+01   0.4937E-01  0.1000E+01
  0.6672E+02  0.0000E+00   0.2867E-01  0.0000E+00   0.5367E-01  0.6000E+01
  0.6891E+02  0.0000E+00   0.3096E-01  0.1000E+01   0.5796E-01  0.3000E+01
  0.7111E+02  0.0000E+00   0.3325E-01  0.0000E+00   0.6225E-01  0.2000E+01
  0.7330E+02  0.0000E+00   0.3555E-01  0.0000E+00   0.6655E-01  0.1000E+01
  0.7549E+02  0.0000E+00   0.3784E-01  0.0000E+00   0.7084E-01  0.2000E+01
  0.7768E+02  0.0000E+00   0.4013E-01  0.0000E+00   0.7513E-01  0.0000E+00
  0.7987E+02  0.0000E+00   0.4243E-01  0.0000E+00   0.7943E-01  0.0000E+00
  0.8207E+02  0.0000E+00   0.4472E-01  0.0000E+00   0.8372E-01  0.0000E+00
  0.8426E+02  0.0000E+00   0.4701E-01  0.0000E+00   0.8801E-01  0.0000E+00
  0.8645E+02  0.0000E+00   0.4931E-01  0.0000E+00   0.9231E-01  0.0000E+00
  0.8864E+02  0.0000E+00   0.5160E-01  0.0000E+00   0.9660E-01  0.0000E+00
  0.9084E+02  0.0000E+00   0.5389E-01  0.0000E+00   0.1009E+00  0.0000E+00
  0.9303E+02  0.0000E+00   0.5619E-01  0.0000E+00   0.1052E+00  0.0000E+00
 Original E arm Events:
       delta      ORIGIN       yptar      ORIGIN       xptar      ORIGIN
 -0.2024E+02  0.0000E+00  -0.6466E-01  0.8400E+02  -0.6466E-01  0.5500E+02
 -0.1973E+02  0.0000E+00  -0.6202E-01  0.5200E+02  -0.6202E-01  0.6800E+02
 -0.1922E+02  0.0000E+00  -0.5938E-01  0.8800E+02  -0.5938E-01  0.6800E+02
 -0.1871E+02  0.0000E+00  -0.5674E-01  0.6900E+02  -0.5674E-01  0.6800E+02
 -0.1820E+02  0.0000E+00  -0.5410E-01  0.8100E+02  -0.5410E-01  0.6600E+02
 -0.1769E+02  0.0000E+00  -0.5146E-01  0.6300E+02  -0.5146E-01  0.6500E+02
 -0.1718E+02  0.0000E+00  -0.4882E-01  0.7300E+02  -0.4882E-01  0.7800E+02
 -0.1667E+02  0.0000E+00  -0.4618E-01  0.6100E+02  -0.4618E-01  0.8000E+02
 -0.1616E+02  0.0000E+00  -0.4354E-01  0.6400E+02  -0.4354E-01  0.7900E+02
 -0.1565E+02  0.0000E+00  -0.4091E-01  0.7500E+02  -0.4091E-01  0.6700E+02
 -0.1514E+02  0.0000E+00  -0.3827E-01  0.5900E+02  -0.3827E-01  0.6100E+02
 -0.1463E+02  0.0000E+00  -0.3563E-01  0.7300E+02  -0.3563E-01  0.6900E+02
 -0.1412E+02  0.1000E+01  -0.3299E-01  0.7100E+02  -0.3299E-01  0.8400E+02
 -0.1361E+02  0.1000E+01  -0.3035E-01  0.6200E+02  -0.3035E-01  0.6200E+02
 -0.1310E+02  0.0000E+00  -0.2771E-01  0.5500E+02  -0.2771E-01  0.7300E+02
 -0.1259E+02  0.0000E+00  -0.2507E-01  0.4900E+02  -0.2507E-01  0.6000E+02
 -0.1208E+02  0.1000E+01  -0.2243E-01  0.7100E+02  -0.2243E-01  0.6700E+02
 -0.1157E+02  0.1000E+01  -0.1979E-01  0.9100E+02  -0.1979E-01  0.7000E+02
 -0.1106E+02  0.1000E+01  -0.1715E-01  0.6100E+02  -0.1715E-01  0.7000E+02
 -0.1055E+02  0.1000E+01  -0.1451E-01  0.6600E+02  -0.1451E-01  0.7800E+02
 -0.1004E+02  0.1000E+01  -0.1188E-01  0.7200E+02  -0.1188E-01  0.8200E+02
 -0.9526E+01  0.1000E+01  -0.9237E-02  0.6700E+02  -0.9237E-02  0.7400E+02
 -0.9016E+01  0.0000E+00  -0.6598E-02  0.7400E+02  -0.6598E-02  0.5700E+02
 -0.8506E+01  0.0000E+00  -0.3959E-02  0.6200E+02  -0.3959E-02  0.7800E+02
 -0.7995E+01  0.3000E+01  -0.1320E-02  0.7100E+02  -0.1320E-02  0.7700E+02
 -0.7485E+01  0.1000E+01   0.1320E-02  0.6100E+02   0.1320E-02  0.6000E+02
 -0.6975E+01  0.3000E+01   0.3959E-02  0.7600E+02   0.3959E-02  0.6800E+02
 -0.6465E+01  0.2000E+01   0.6598E-02  0.7300E+02   0.6598E-02  0.5700E+02
 -0.5955E+01  0.3000E+01   0.9237E-02  0.7100E+02   0.9237E-02  0.5600E+02
 -0.5444E+01  0.5000E+01   0.1188E-01  0.5100E+02   0.1188E-01  0.6700E+02
 -0.4934E+01  0.4000E+01   0.1451E-01  0.6700E+02   0.1451E-01  0.7100E+02
 -0.4424E+01  0.3000E+01   0.1715E-01  0.7400E+02   0.1715E-01  0.6200E+02
 -0.3914E+01  0.6000E+01   0.1979E-01  0.5800E+02   0.1979E-01  0.6400E+02
 -0.3404E+01  0.8000E+01   0.2243E-01  0.7500E+02   0.2243E-01  0.7300E+02
 -0.2893E+01  0.3000E+01   0.2507E-01  0.9000E+02   0.2507E-01  0.7500E+02
 -0.2383E+01  0.6000E+01   0.2771E-01  0.7700E+02   0.2771E-01  0.7400E+02
 -0.1873E+01  0.3000E+01   0.3035E-01  0.6300E+02   0.3035E-01  0.6900E+02
 -0.1363E+01  0.6000E+01   0.3299E-01  0.7500E+02   0.3299E-01  0.6300E+02
 -0.8525E+00  0.4000E+01   0.3563E-01  0.7300E+02   0.3563E-01  0.5800E+02
 -0.3423E+00  0.6000E+01   0.3827E-01  0.7100E+02   0.3827E-01  0.6200E+02
  0.1679E+00  0.5000E+01   0.4091E-01  0.6400E+02   0.4091E-01  0.7300E+02
  0.6782E+00  0.8000E+01   0.4354E-01  0.5300E+02   0.4354E-01  0.7600E+02
  0.1188E+01  0.4000E+01   0.4618E-01  0.6200E+02   0.4618E-01  0.6300E+02
  0.1699E+01  0.4000E+01   0.4882E-01  0.7800E+02   0.4882E-01  0.7800E+02
  0.2209E+01  0.4000E+01   0.5146E-01  0.7500E+02   0.5146E-01  0.5800E+02
  0.2719E+01  0.0000E+00   0.5410E-01  0.6700E+02   0.5410E-01  0.7100E+02
  0.3229E+01  0.1000E+01   0.5674E-01  0.5800E+02   0.5674E-01  0.7300E+02
  0.3739E+01  0.0000E+00   0.5938E-01  0.6800E+02   0.5938E-01  0.7300E+02
  0.4250E+01  0.0000E+00   0.6202E-01  0.6700E+02   0.6202E-01  0.6800E+02
  0.4760E+01  0.0000E+00   0.6466E-01  0.7100E+02   0.6466E-01  0.6400E+02
 Original P arm Events:
       delta      ORIGIN       yptar      ORIGIN       xptar      ORIGIN
 -0.1439E+02  0.8200E+02  -0.5619E-01  0.6500E+02  -0.1052E+00  0.7300E+02
 -0.1220E+02  0.9000E+02  -0.5389E-01  0.7000E+02  -0.1009E+00  0.7100E+02
 -0.1001E+02  0.8300E+02  -0.5160E-01  0.7200E+02  -0.9660E-01  0.6700E+02
 -0.7818E+01  0.9800E+02  -0.4931E-01  0.6600E+02  -0.9231E-01  0.7100E+02
 -0.5626E+01  0.8600E+02  -0.4701E-01  0.6100E+02  -0.8801E-01  0.7200E+02
 -0.3433E+01  0.1050E+03  -0.4472E-01  0.6700E+02  -0.8372E-01  0.7300E+02
 -0.1241E+01  0.1070E+03  -0.4243E-01  0.6900E+02  -0.7943E-01  0.6100E+02
  0.9514E+00  0.1110E+03  -0.4013E-01  0.7100E+02  -0.7513E-01  0.6600E+02
  0.3144E+01  0.1110E+03  -0.3784E-01  0.5300E+02  -0.7084E-01  0.8300E+02
  0.5336E+01  0.1050E+03  -0.3555E-01  0.6900E+02  -0.6655E-01  0.7000E+02
  0.7528E+01  0.1380E+03  -0.3325E-01  0.5900E+02  -0.6225E-01  0.5800E+02
  0.9721E+01  0.1220E+03  -0.3096E-01  0.6900E+02  -0.5796E-01  0.8300E+02
  0.1191E+02  0.1210E+03  -0.2867E-01  0.6200E+02  -0.5367E-01  0.5000E+02
  0.1411E+02  0.1440E+03  -0.2637E-01  0.6800E+02  -0.4937E-01  0.7200E+02
  0.1630E+02  0.1450E+03  -0.2408E-01  0.7700E+02  -0.4508E-01  0.6100E+02
  0.1849E+02  0.1550E+03  -0.2179E-01  0.9000E+02  -0.4079E-01  0.7500E+02
  0.2068E+02  0.1700E+03  -0.1949E-01  0.6200E+02  -0.3649E-01  0.6500E+02
  0.2287E+02  0.1700E+03  -0.1720E-01  0.6300E+02  -0.3220E-01  0.5900E+02
  0.2507E+02  0.1860E+03  -0.1491E-01  0.5600E+02  -0.2791E-01  0.6400E+02
  0.2726E+02  0.1620E+03  -0.1261E-01  0.6800E+02  -0.2361E-01  0.7000E+02
  0.2945E+02  0.1590E+03  -0.1032E-01  0.6400E+02  -0.1932E-01  0.7500E+02
  0.3164E+02  0.1230E+03  -0.8027E-02  0.7500E+02  -0.1503E-01  0.7900E+02
  0.3384E+02  0.9900E+02  -0.5733E-02  0.7100E+02  -0.1073E-01  0.7200E+02
  0.3603E+02  0.9300E+02  -0.3440E-02  0.8000E+02  -0.6440E-02  0.7600E+02
  0.3822E+02  0.6800E+02  -0.1147E-02  0.7600E+02  -0.2147E-02  0.6100E+02
  0.4041E+02  0.5200E+02   0.1147E-02  0.7400E+02   0.2147E-02  0.5900E+02
  0.4261E+02  0.2900E+02   0.3440E-02  0.6400E+02   0.6440E-02  0.7000E+02
  0.4480E+02  0.2200E+02   0.5733E-02  0.6600E+02   0.1073E-01  0.6200E+02
  0.4699E+02  0.5000E+01   0.8027E-02  0.6500E+02   0.1503E-01  0.6800E+02
  0.4918E+02  0.1000E+01   0.1032E-01  0.6700E+02   0.1932E-01  0.6800E+02
  0.5137E+02  0.0000E+00   0.1261E-01  0.7500E+02   0.2361E-01  0.7700E+02
  0.5357E+02  0.0000E+00   0.1491E-01  0.6400E+02   0.2791E-01  0.7800E+02
  0.5576E+02  0.0000E+00   0.1720E-01  0.8100E+02   0.3220E-01  0.8200E+02
  0.5795E+02  0.0000E+00   0.1949E-01  0.6600E+02   0.3649E-01  0.6900E+02
  0.6014E+02  0.0000E+00   0.2179E-01  0.8300E+02   0.4079E-01  0.6800E+02
  0.6234E+02  0.0000E+00   0.2408E-01  0.6400E+02   0.4508E-01  0.6300E+02
  0.6453E+02  0.0000E+00   0.2637E-01  0.8000E+02   0.4937E-01  0.8500E+02
  0.6672E+02  0.0000E+00   0.2867E-01  0.6600E+02   0.5367E-01  0.7000E+02
  0.6891E+02  0.0000E+00   0.3096E-01  0.7900E+02   0.5796E-01  0.8000E+02
  0.7111E+02  0.0000E+00   0.3325E-01  0.5900E+02   0.6225E-01  0.6400E+02
  0.7330E+02  0.0000E+00   0.3555E-01  0.5800E+02   0.6655E-01  0.6100E+02
  0.7549E+02  0.0000E+00   0.3784E-01  0.6500E+02   0.7084E-01  0.7300E+02
  0.7768E+02  0.0000E+00   0.4013E-01  0.6300E+02   0.7513E-01  0.6500E+02
  0.7987E+02  0.0000E+00   0.4243E-01  0.7200E+02   0.7943E-01  0.7300E+02
  0.8207E+02  0.0000E+00   0.4472E-01  0.7700E+02   0.8372E-01  0.5400E+02
  0.8426E+02  0.0000E+00   0.4701E-01  0.7000E+02   0.8801E-01  0.7300E+02
  0.8645E+02  0.0000E+00   0.4931E-01  0.7900E+02   0.9231E-01  0.6100E+02
  0.8864E+02  0.0000E+00   0.5160E-01  0.6600E+02   0.9660E-01  0.5500E+02
  0.9084E+02  0.0000E+00   0.5389E-01  0.6200E+02   0.1009E+00  0.6200E+02
  0.9303E+02  0.0000E+00   0.5619E-01  0.6400E+02   0.1052E+00  0.6500E+02
 Original Em/Pm distributions:
          Em      ORIGIN          Pm      ORIGIN
  0.3203E+01  0.3432E+04  0.1189E+02  0.0000E+00
  0.5158E+01  0.0000E+00  0.3567E+02  0.0000E+00
  0.7114E+01  0.0000E+00  0.5945E+02  0.7000E+01
  0.9069E+01  0.0000E+00  0.8322E+02  0.6000E+01
  0.1102E+02  0.0000E+00  0.1070E+03  0.7000E+01
  0.1298E+02  0.0000E+00  0.1308E+03  0.1700E+02
  0.1494E+02  0.0000E+00  0.1546E+03  0.2200E+02
  0.1689E+02  0.0000E+00  0.1783E+03  0.2500E+02
  0.1885E+02  0.0000E+00  0.2021E+03  0.3800E+02
  0.2080E+02  0.0000E+00  0.2259E+03  0.2900E+02
  0.2276E+02  0.0000E+00  0.2497E+03  0.4400E+02
  0.2471E+02  0.0000E+00  0.2735E+03  0.4100E+02
  0.2667E+02  0.0000E+00  0.2972E+03  0.4900E+02
  0.2862E+02  0.0000E+00  0.3210E+03  0.6600E+02
  0.3058E+02  0.0000E+00  0.3448E+03  0.6200E+02
  0.3254E+02  0.0000E+00  0.3686E+03  0.6400E+02
  0.3449E+02  0.0000E+00  0.3923E+03  0.8200E+02
  0.3645E+02  0.0000E+00  0.4161E+03  0.8000E+02
  0.3840E+02  0.0000E+00  0.4399E+03  0.9000E+02
  0.4036E+02  0.0000E+00  0.4637E+03  0.9600E+02
  0.4231E+02  0.0000E+00  0.4875E+03  0.7000E+02
  0.4427E+02  0.0000E+00  0.5112E+03  0.7800E+02
  0.4622E+02  0.0000E+00  0.5350E+03  0.6500E+02
  0.4818E+02  0.0000E+00  0.5588E+03  0.8300E+02
  0.5013E+02  0.0000E+00  0.5826E+03  0.9000E+02
  0.5209E+02  0.0000E+00  0.6063E+03  0.9800E+02
  0.5405E+02  0.0000E+00  0.6301E+03  0.6800E+02
  0.5600E+02  0.0000E+00  0.6539E+03  0.7100E+02
  0.5796E+02  0.0000E+00  0.6777E+03  0.7800E+02
  0.5991E+02  0.0000E+00  0.7015E+03  0.8400E+02
  0.6187E+02  0.0000E+00  0.7252E+03  0.8500E+02
  0.6382E+02  0.0000E+00  0.7490E+03  0.8800E+02
  0.6578E+02  0.0000E+00  0.7728E+03  0.6100E+02
  0.6773E+02  0.0000E+00  0.7966E+03  0.6900E+02
  0.6969E+02  0.0000E+00  0.8204E+03  0.6100E+02
  0.7165E+02  0.0000E+00  0.8441E+03  0.7800E+02
  0.7360E+02  0.0000E+00  0.8679E+03  0.7200E+02
  0.7556E+02  0.0000E+00  0.8917E+03  0.6800E+02
  0.7751E+02  0.0000E+00  0.9155E+03  0.5600E+02
  0.7947E+02  0.0000E+00  0.9392E+03  0.5300E+02
  0.8142E+02  0.0000E+00  0.9630E+03  0.7400E+02
  0.8338E+02  0.0000E+00  0.9868E+03  0.5800E+02
  0.8533E+02  0.0000E+00  0.1011E+04  0.4800E+02
  0.8729E+02  0.0000E+00  0.1034E+04  0.5800E+02
  0.8924E+02  0.0000E+00  0.1058E+04  0.7200E+02
  0.9120E+02  0.0000E+00  0.1082E+04  0.5900E+02
  0.9316E+02  0.0000E+00  0.1106E+04  0.5100E+02
  0.9511E+02  0.0000E+00  0.1129E+04  0.5700E+02
  0.9707E+02  0.0000E+00  0.1153E+04  0.7700E+02
  0.9902E+02  0.0000E+00  0.1177E+04  0.3900E+02
